A = [16 0 2;32 0 -30;1 -1 -2];

B = [20;20;0];

X = A\B;

I1 = X(1)
I2 = X(2)
I3 = X(3)
